{
 "cells": [
  {
   "cell_type": "code",
   "execution_count": 11,
   "id": "8d3d1a58-8278-447d-a733-684103a6673e",
   "metadata": {},
   "outputs": [
    {
     "name": "stdout",
     "output_type": "stream",
     "text": [
      "Ранги по столбцам (1 = лучший):\n",
      "   mMF1  mWACC  mACC  mCCC   MF1_BAH   UAR  MF1_MELD   WF1  Avg_Rank\n",
      "0 3.000 2.000  5.000  3.000  7.000   6.000   7.000   6.000   4.875  \n",
      "1 2.000 1.000  3.000  2.000  4.000   4.000   4.000   4.000   3.000  \n",
      "2 6.000 5.000  4.000  4.000  3.000   3.000   3.000   3.000   3.875  \n",
      "3 4.000 4.000  1.000  1.000  2.000   2.000   2.000   2.000   2.250  \n",
      "4 8.000 8.000  6.000  9.000  8.000   8.000   7.000   8.000   7.750  \n",
      "5 7.000 7.000  2.000  7.000  6.000   7.000   6.000   7.000   6.125  \n",
      "6 5.000 6.000  7.000  6.000  9.000   9.000   9.000   9.000   7.500  \n",
      "7 1.000 3.000  8.000  5.000  5.000   5.000   5.000   5.000   4.625  \n",
      "8   NaN   NaN    NaN  8.000    NaN     NaN     NaN     NaN   8.000  \n",
      "9 9.000 9.000  9.000 10.000  1.000   1.000   1.000   1.000   5.125  \n"
     ]
    }
   ],
   "source": [
    "import numpy as np\n",
    "import pandas as pd\n",
    "\n",
    "# Ваш массив\n",
    "data = [\n",
    "    [28.43, 29.81, 52.15, 49.12, 34.04, 33.41, 35.36, 34.34],\n",
    "    [28.75, 30.12, 52.71, 49.19, 39.53, 38.76, 41.12, 40.03],\n",
    "    [26.79, 27.58, 52.45, 48.41, 42.22, 40.86, 43.21, 41.68],\n",
    "    [28.00, 29.34, 53.56, 49.28, 60.79, 61.77, 61.79, 62.15],\n",
    "    [24.37, 25.32, 51.46, 45.42, 33.06, 29.43, 35.36, 31.33],\n",
    "    [24.94, 26.06, 52.89, 46.63, 34.20, 30.39, 36.53, 32.48],\n",
    "    [26.88, 27.18, 50.61, 47.26, 31.27, 28.66, 33.57, 30.41],\n",
    "    [29.60, 29.55, 50.08, 48.24, 38.91, 37.15, 40.71, 38.84],\n",
    "    [np.nan,np.nan,np.nan,46.60,np.nan,np.nan,np.nan,np.nan],\n",
    "    [18.42, 12.05, 17.14, 10.92, 80.97, 80.62, 81.07, 80.93],\n",
    "    ]\n",
    "\n",
    "# Создаём DataFrame для удобства\n",
    "df = pd.DataFrame(data, columns=[\n",
    "    'mMF1', 'mWACC', 'mACC', 'mCCC',\n",
    "    'MF1_BAH', 'UAR', 'MF1_MELD', 'WF1'\n",
    "])\n",
    "\n",
    "# Ранжируем по столбцам: чем выше значение → тем лучше → ранг 1\n",
    "# method='min' — при совпадениях присваивается минимальный ранг\n",
    "# ascending=False — потому что большие значения = лучше\n",
    "ranks = df.rank(method='min', ascending=False)\n",
    "\n",
    "print(\"Ранги по столбцам (1 = лучший):\")\n",
    "ranks['Avg_Rank'] = ranks.mean(axis=1)\n",
    "print(ranks)\n"
   ]
  },
  {
   "cell_type": "code",
   "execution_count": 3,
   "id": "f0b8698f-cf0a-4a82-83b7-d9a753c39c4b",
   "metadata": {},
   "outputs": [
    {
     "name": "stdout",
     "output_type": "stream",
     "text": [
      "      Method       Seq  Class 0  Class 1  Class 2   UAR   MF1  Class 0_Rank  Class 1_Rank  Class 2_Rank  UAR_Rank  MF1_Rank  Avg_Rank\n",
      "CLIP + Transformer  60  61.94    83.58    73.68   73.07 63.35      14.0           1.0           5.0         1.0       2.0       4.6  \n",
      "      CLIP + Mamba  60  63.73    77.61    76.69   72.68 63.10      11.0           7.0           1.0         2.0       4.0       5.0  \n",
      " VIT + Transformer  60  71.43    76.12    60.90   69.48 64.06       5.0           8.0          10.0         6.0       1.0       6.0  \n",
      "      CLIP + Mamba  90  62.50    80.90    72.93   72.11 62.47      13.0           4.0           7.0         3.0       5.0       6.4  \n",
      "      CLIP + Mamba  20  67.52    67.76    75.19   70.16 62.34       8.0          14.0           3.0         4.0       6.0       7.0  \n",
      "CLIP + Transformer  10  59.04    72.84    76.69   69.52 59.36      16.0           9.0           1.0         5.0       8.0       7.8  \n",
      "      CLIP + Mamba  10  55.02    81.49    71.43   69.31 58.52      18.0           3.0           8.0         7.0      11.0       9.4  \n",
      "       VIT + Mamba  10  74.67    65.07    49.62   60.22 63.12       1.0          15.0          13.0        15.0       3.0       9.4  \n",
      "CLIP + Transformer  30  54.24    79.10    74.44   69.26 58.03      19.0           5.0           4.0         8.0      12.0       9.6  \n",
      " VIT + Transformer  90  73.77    71.64    44.36   63.26 60.72       2.0          10.0          18.0        12.0       7.0       9.8  \n",
      "CLIP + Transformer  20  61.27    68.96    73.68   67.97 59.10      15.0          12.0           5.0         9.0       9.0      10.0  \n",
      "CLIP + Transformer  90  58.48    78.81    65.41   67.57 58.99      17.0           6.0           9.0        10.0      10.0      10.4  \n",
      "      CLIP + Mamba  30  53.68    82.39    60.90   65.66 56.37      20.0           2.0          10.0        11.0      16.0      11.8  \n",
      " VIT + Transformer  20  69.42    70.45    47.37   62.41 57.96       7.0          11.0          16.0        14.0      13.0      12.2  \n",
      " VIT + Transformer  10  65.07    68.66    54.14   62.62 57.17      10.0          13.0          12.0        13.0      14.0      12.4  \n",
      " VIT + Transformer  30  72.99    64.18    41.35   59.51 57.12       4.0          17.0          19.0        18.0      15.0      14.6  \n",
      "       VIT + Mamba  60  73.44    65.07    36.09   58.20 56.20       3.0          15.0          20.0        20.0      17.0      15.0  \n",
      "       VIT + Mamba  90  69.87    62.69    46.62   59.72 56.19       6.0          19.0          17.0        16.0      18.0      15.2  \n",
      "       VIT + Mamba  30  66.96    62.99    48.87   59.61 55.44       9.0          18.0          15.0        17.0      19.0      15.6  \n",
      "       VIT + Mamba  20  63.62    62.09    49.62   58.44 53.73      12.0          20.0          13.0        19.0      20.0      16.8  \n"
     ]
    }
   ],
   "source": [
    "import pandas as pd\n",
    "\n",
    "# Данные\n",
    "data = [\n",
    "    [\"CLIP + Mamba\", \"10\", 55.02, 81.49, 71.43, 69.31, 58.52],\n",
    "    [\"CLIP + Transformer\", \"10\", 59.04, 72.84, 76.69, 69.52, 59.36],\n",
    "    [\"VIT + Mamba\", \"10\", 74.67, 65.07, 49.62, 60.22, 63.12],\n",
    "    [\"VIT + Transformer\", \"10\", 65.07, 68.66, 54.14, 62.62, 57.17],\n",
    "\n",
    "    [\"CLIP + Mamba\", \"20\", 67.52, 67.76, 75.19, 70.16, 62.34],\n",
    "    [\"CLIP + Transformer\", \"20\", 61.27, 68.96, 73.68, 67.97, 59.10],\n",
    "    [\"VIT + Mamba\", \"20\", 63.62, 62.09, 49.62, 58.44, 53.73],\n",
    "    [\"VIT + Transformer\", \"20\", 69.42, 70.45, 47.37, 62.41, 57.96],\n",
    "\n",
    "    [\"CLIP + Mamba\", \"30\", 53.68, 82.39, 60.90, 65.66, 56.37],\n",
    "    [\"CLIP + Transformer\", \"30\", 54.24, 79.10, 74.44, 69.26, 58.03],\n",
    "    [\"VIT + Mamba\", \"30\", 66.96, 62.99, 48.87, 59.61, 55.44],\n",
    "    [\"VIT + Transformer\", \"30\", 72.99, 64.18, 41.35, 59.51, 57.12],\n",
    "\n",
    "    [\"CLIP + Mamba\", \"60\", 63.73, 77.61, 76.69, 72.68, 63.10],\n",
    "    [\"CLIP + Transformer\", \"60\", 61.94, 83.58, 73.68, 73.07, 63.35],\n",
    "    [\"VIT + Mamba\", \"60\", 73.44, 65.07, 36.09, 58.20, 56.20],\n",
    "    [\"VIT + Transformer\", \"60\", 71.43, 76.12, 60.90, 69.48, 64.06],\n",
    "\n",
    "    [\"CLIP + Mamba\", \"90\", 62.50, 80.90, 72.93, 72.11, 62.47],\n",
    "    [\"CLIP + Transformer\", \"90\", 58.48, 78.81, 65.41, 67.57, 58.99],\n",
    "    [\"VIT + Mamba\", \"90\", 69.87, 62.69, 46.62, 59.72, 56.19],\n",
    "    [\"VIT + Transformer\", \"90\", 73.77, 71.64, 44.36, 63.26, 60.72],\n",
    "]\n",
    "\n",
    "\n",
    "columns = [\"Method\",\"Seq\",\"Class 0\",\"Class 1\",\"Class 2\",\"UAR\",\"MF1\"]\n",
    "\n",
    "df = pd.DataFrame(data, columns=columns)\n",
    "\n",
    "# Ранжируем по всем числовым метрикам\n",
    "ranks = df.iloc[:,2:].rank(method=\"min\", ascending=False)\n",
    "\n",
    "# Добавляем ранги по каждому столбцу\n",
    "for col in ranks.columns:\n",
    "    df[f\"{col}_Rank\"] = ranks[col]\n",
    "\n",
    "# Средний ранг, округлённый до трёх знаков\n",
    "df[\"Avg_Rank\"] = ranks.mean(axis=1).round(3)\n",
    "\n",
    "# Сортировка по среднему рангу\n",
    "df_sorted = df.sort_values(\"Avg_Rank\").reset_index(drop=True)\n",
    "\n",
    "# Настройки вывода\n",
    "pd.set_option(\"display.max_rows\", None)\n",
    "pd.set_option(\"display.max_columns\", None)\n",
    "pd.set_option(\"display.width\", None)\n",
    "pd.set_option(\"display.colheader_justify\", \"center\")\n",
    "\n",
    "print(df_sorted.to_string(index=False))\n"
   ]
  },
  {
   "cell_type": "code",
   "execution_count": 4,
   "id": "456f7c13-85e2-44e8-8760-03782e7dc679",
   "metadata": {},
   "outputs": [
    {
     "name": "stdout",
     "output_type": "stream",
     "text": [
      "      Method       Seq  Class 0  Class 1  Class 2   UAR   MF1  Class 0_Rank  Class 1_Rank  Class 2_Rank  UAR_Rank  MF1_Rank  Avg_Rank\n",
      "      CLIP + Mamba  10  55.02    81.49    71.43   69.31 58.52      18.0           3.0           8.0         7.0      11.0       9.4  \n",
      "CLIP + Transformer  10  59.04    72.84    76.69   69.52 59.36      16.0           9.0           1.0         5.0       8.0       7.8  \n",
      "       VIT + Mamba  10  74.67    65.07    49.62   60.22 63.12       1.0          15.0          13.0        15.0       3.0       9.4  \n",
      " VIT + Transformer  10  65.07    68.66    54.14   62.62 57.17      10.0          13.0          12.0        13.0      14.0      12.4  \n",
      "      CLIP + Mamba  20  67.52    67.76    75.19   70.16 62.34       8.0          14.0           3.0         4.0       6.0       7.0  \n",
      "CLIP + Transformer  20  61.27    68.96    73.68   67.97 59.10      15.0          12.0           5.0         9.0       9.0      10.0  \n",
      "       VIT + Mamba  20  63.62    62.09    49.62   58.44 53.73      12.0          20.0          13.0        19.0      20.0      16.8  \n",
      " VIT + Transformer  20  69.42    70.45    47.37   62.41 57.96       7.0          11.0          16.0        14.0      13.0      12.2  \n",
      "      CLIP + Mamba  30  53.68    82.39    60.90   65.66 56.37      20.0           2.0          10.0        11.0      16.0      11.8  \n",
      "CLIP + Transformer  30  54.24    79.10    74.44   69.26 58.03      19.0           5.0           4.0         8.0      12.0       9.6  \n",
      "       VIT + Mamba  30  66.96    62.99    48.87   59.61 55.44       9.0          18.0          15.0        17.0      19.0      15.6  \n",
      " VIT + Transformer  30  72.99    64.18    41.35   59.51 57.12       4.0          17.0          19.0        18.0      15.0      14.6  \n",
      "      CLIP + Mamba  60  63.73    77.61    76.69   72.68 63.10      11.0           7.0           1.0         2.0       4.0       5.0  \n",
      "CLIP + Transformer  60  61.94    83.58    73.68   73.07 63.35      14.0           1.0           5.0         1.0       2.0       4.6  \n",
      "       VIT + Mamba  60  73.44    65.07    36.09   58.20 56.20       3.0          15.0          20.0        20.0      17.0      15.0  \n",
      " VIT + Transformer  60  71.43    76.12    60.90   69.48 64.06       5.0           8.0          10.0         6.0       1.0       6.0  \n",
      "      CLIP + Mamba  90  62.50    80.90    72.93   72.11 62.47      13.0           4.0           7.0         3.0       5.0       6.4  \n",
      "CLIP + Transformer  90  58.48    78.81    65.41   67.57 58.99      17.0           6.0           9.0        10.0      10.0      10.4  \n",
      "       VIT + Mamba  90  69.87    62.69    46.62   59.72 56.19       6.0          19.0          17.0        16.0      18.0      15.2  \n",
      " VIT + Transformer  90  73.77    71.64    44.36   63.26 60.72       2.0          10.0          18.0        12.0       7.0       9.8  \n"
     ]
    }
   ],
   "source": [
    "import pandas as pd\n",
    "\n",
    "# Данные\n",
    "data = [\n",
    "    [\"CLIP + Mamba\", \"10\", 55.02, 81.49, 71.43, 69.31, 58.52],\n",
    "    [\"CLIP + Transformer\", \"10\", 59.04, 72.84, 76.69, 69.52, 59.36],\n",
    "    [\"VIT + Mamba\", \"10\", 74.67, 65.07, 49.62, 60.22, 63.12],\n",
    "    [\"VIT + Transformer\", \"10\", 65.07, 68.66, 54.14, 62.62, 57.17],\n",
    "\n",
    "    [\"CLIP + Mamba\", \"20\", 67.52, 67.76, 75.19, 70.16, 62.34],\n",
    "    [\"CLIP + Transformer\", \"20\", 61.27, 68.96, 73.68, 67.97, 59.10],\n",
    "    [\"VIT + Mamba\", \"20\", 63.62, 62.09, 49.62, 58.44, 53.73],\n",
    "    [\"VIT + Transformer\", \"20\", 69.42, 70.45, 47.37, 62.41, 57.96],\n",
    "\n",
    "    [\"CLIP + Mamba\", \"30\", 53.68, 82.39, 60.90, 65.66, 56.37],\n",
    "    [\"CLIP + Transformer\", \"30\", 54.24, 79.10, 74.44, 69.26, 58.03],\n",
    "    [\"VIT + Mamba\", \"30\", 66.96, 62.99, 48.87, 59.61, 55.44],\n",
    "    [\"VIT + Transformer\", \"30\", 72.99, 64.18, 41.35, 59.51, 57.12],\n",
    "\n",
    "    [\"CLIP + Mamba\", \"60\", 63.73, 77.61, 76.69, 72.68, 63.10],\n",
    "    [\"CLIP + Transformer\", \"60\", 61.94, 83.58, 73.68, 73.07, 63.35],\n",
    "    [\"VIT + Mamba\", \"60\", 73.44, 65.07, 36.09, 58.20, 56.20],\n",
    "    [\"VIT + Transformer\", \"60\", 71.43, 76.12, 60.90, 69.48, 64.06],\n",
    "\n",
    "    [\"CLIP + Mamba\", \"90\", 62.50, 80.90, 72.93, 72.11, 62.47],\n",
    "    [\"CLIP + Transformer\", \"90\", 58.48, 78.81, 65.41, 67.57, 58.99],\n",
    "    [\"VIT + Mamba\", \"90\", 69.87, 62.69, 46.62, 59.72, 56.19],\n",
    "    [\"VIT + Transformer\", \"90\", 73.77, 71.64, 44.36, 63.26, 60.72],\n",
    "]\n",
    "\n",
    "columns = [\"Method\", \"Seq\", \"Class 0\", \"Class 1\", \"Class 2\", \"UAR\", \"MF1\"]\n",
    "\n",
    "df = pd.DataFrame(data, columns=columns)\n",
    "\n",
    "# Ранжирование по всем числовым метрикам\n",
    "ranks = df.iloc[:, 2:].rank(method=\"min\", ascending=False)\n",
    "\n",
    "# Добавляем ранги по каждому столбцу\n",
    "for col in ranks.columns:\n",
    "    df[f\"{col}_Rank\"] = ranks[col]\n",
    "\n",
    "# Средний ранг, округлённый до трёх знаков\n",
    "df[\"Avg_Rank\"] = ranks.mean(axis=1).round(3)\n",
    "\n",
    "# Настройки вывода\n",
    "pd.set_option(\"display.max_rows\", None)\n",
    "pd.set_option(\"display.max_columns\", None)\n",
    "pd.set_option(\"display.width\", None)\n",
    "pd.set_option(\"display.colheader_justify\", \"center\")\n",
    "\n",
    "# Вывод без сортировки (в исходном порядке)\n",
    "print(df.to_string(index=False))\n"
   ]
  },
  {
   "cell_type": "code",
   "execution_count": 3,
   "id": "370de3d4-6714-479f-983d-7083bff20ad2",
   "metadata": {},
   "outputs": [
    {
     "name": "stdout",
     "output_type": "stream",
     "text": [
      " Exp ID  Modality order   LT LD  MOSEI  FIv2  mACC  mCCC  MOSEI_Rank  FIv2_Rank  mACC_Rank  mCCC_Rank  Avg_Rank\n",
      "   1    Video-Audio-Text SSL CD 64.26  63.54 92.00 73.39      1          1          5          2         2.25  \n",
      "   6    Text-Audio-Video SSL CD 64.19  63.45 92.03 73.15      2          2          1          5         2.50  \n",
      "   4    Audio-Text-Video SSL CD 64.18  63.35 92.02 73.42      3          4          3          1         2.75  \n",
      "   2    Video-Text-Audio SSL CD 64.18  63.40 92.02 73.37      3          3          3          3         3.00  \n",
      "   5    Text-Video-Audio SSL CD 63.69  63.13 92.03 73.27      6          6          1          4         4.25  \n",
      "   3    Audio-Video-Text SSL CD 63.98  63.25 92.00 73.03      5          5          5          6         5.25  \n"
     ]
    }
   ],
   "source": [
    "import pandas as pd\n",
    "\n",
    "# ----- ДАННЫЕ -----\n",
    "rows = [\n",
    "    (1, \"Video-Audio-Text\", \"SSL\", \"CD\", 64.26, 63.54, 92.00, 73.39),\n",
    "    (2, \"Video-Text-Audio\", \"SSL\", \"CD\", 64.18, 63.40, 92.02, 73.37),\n",
    "    (3, \"Audio-Video-Text\", \"SSL\", \"CD\", 63.98, 63.25, 92.00, 73.03),\n",
    "    (4, \"Audio-Text-Video\", \"SSL\", \"CD\", 64.18, 63.35, 92.02, 73.42),\n",
    "    (5, \"Text-Video-Audio\", \"SSL\", \"CD\", 63.69, 63.13, 92.03, 73.27),\n",
    "    (6, \"Text-Audio-Video\", \"SSL\", \"CD\", 64.19, 63.45, 92.03, 73.15),\n",
    "]\n",
    "\n",
    "columns = [\n",
    "    \"Exp ID\", \"Modality order\", \"LT\", \"LD\",\n",
    "    \"MOSEI\", \"FIv2\", \"mACC\", \"mCCC\"\n",
    "]\n",
    "\n",
    "df = pd.DataFrame(rows, columns=columns)\n",
    "\n",
    "# ----- РАНГИРОВАНИЕ -----\n",
    "metric_cols = [\"MOSEI\", \"FIv2\", \"mACC\", \"mCCC\"]\n",
    "\n",
    "# Приведение к числам (на случай запятых или пробелов)\n",
    "for c in metric_cols:\n",
    "    df[c] = df[c].astype(str).str.replace(\",\", \".\", regex=False).str.strip()\n",
    "    df[c] = pd.to_numeric(df[c], errors=\"coerce\")\n",
    "\n",
    "# Ранги по метрикам (большее значение — лучше)\n",
    "ranks = df[metric_cols].rank(method=\"min\", ascending=False)\n",
    "\n",
    "# Добавляем ранги по каждой метрике в таблицу\n",
    "for col in ranks.columns:\n",
    "    df[f\"{col}_Rank\"] = ranks[col].astype(int)\n",
    "\n",
    "# Средний ранг по всем метрикам\n",
    "df[\"Avg_Rank\"] = ranks.mean(axis=1).round(3)\n",
    "\n",
    "# Сортировка по среднему рангу (чем меньше — тем лучше)\n",
    "df_sorted = df.sort_values(\"Avg_Rank\", ascending=True).reset_index(drop=True)\n",
    "\n",
    "# ----- НАСТРОЙКИ ВЫВОДА -----\n",
    "pd.set_option(\"display.max_rows\", None)\n",
    "pd.set_option(\"display.max_columns\", None)\n",
    "pd.set_option(\"display.width\", None)\n",
    "pd.set_option(\"display.colheader_justify\", \"center\")\n",
    "\n",
    "print(df_sorted.to_string(index=False))\n"
   ]
  },
  {
   "cell_type": "code",
   "execution_count": 6,
   "id": "8ea88645-2f81-4d41-9da4-ca9f22501cc0",
   "metadata": {},
   "outputs": [
    {
     "name": "stdout",
     "output_type": "stream",
     "text": [
      "Exp ID           Model            LT LD  MOSEI  FIv2  mACC  mCCC  MOSEI_Rank  FIv2_Rank  mACC_Rank  mCCC_Rank  Avg_Rank\n",
      "   0                    Combo 17 SSL CD 64.26  63.54 92.00 73.39       4          6          1          4        3.75  \n",
      "   4      Base_cross_mpt (dp=20) SSL CD 63.86  63.55 91.88 73.96       6          5          4          1        4.00  \n",
      "   6     Base_cross_mpt_3(dp=10) SSL CD 63.63  63.16 91.93 73.43       9          8          3          3        5.75  \n",
      "   8   graph_v3+cross_mpt(dp=20) SSL CD 63.95  63.73 91.72 73.51       5          3         14          2        6.00  \n",
      "  14   graph_v3+cross_mpt(dp=10) SSL CD 64.69  63.96 91.61 72.76       1          1         15          9        6.50  \n",
      "  11   graph_v3+cross_mpt(dp=15) SSL CD 64.48  63.75 91.60 73.10       3          2         16          6        6.75  \n",
      "   2               Base_graph_v3 SSL CD 64.50  63.68 91.81 72.09       2          4          8         15        7.25  \n",
      "  13   graph_v1+cross_mpt(dp=10) SSL CD 63.56  62.84 91.98 73.06      10         13          2          7        8.00  \n",
      "   7   graph_v1+cross_mpt(dp=20) SSL CD 63.83  63.43 91.81 72.55       7          7          8         11        8.25  \n",
      "   5    Base_cross_mpt_2 (dp=15) SSL CD 63.44  62.97 91.73 73.12      11         11         13          5       10.00  \n",
      "   9   graph_v4+cross_mpt(dp=20) SSL CD 62.83  62.61 91.88 73.03      16         15          4          8       10.75  \n",
      "  10   graph_v1+cross_mpt(dp=15) SSL CD 63.74  63.14 91.78 71.54       8          9         10         16       10.75  \n",
      "   1    Base_graph_v1(долго ппц) SSL CD 63.19  62.70 91.87 72.57      14         14          6         10       11.00  \n",
      "  12   graph_v4+cross_mpt(dp=15) SSL CD 63.41  63.01 91.75 72.46      12         10         12         12       11.50  \n",
      "  15   graph_v4+cross_mpt(dp=10) SSL CD 63.19  62.86 91.87 72.30      14         12          6         14       11.50  \n",
      "   3               Base_graph_v4 SSL CD 63.39  62.58 91.77 72.44      13         16         11         13       13.25  \n"
     ]
    }
   ],
   "source": [
    "import pandas as pd\n",
    "\n",
    "# ----- ДАННЫЕ -----\n",
    "rows = [\n",
    "    (\"0\",  \"Combo 17\",                      \"SSL\", \"CD\", 64.26, 63.54, 92.00, 73.39),\n",
    "    (\"1\",  \"Base_graph_v1(долго ппц)\",      \"SSL\", \"CD\", 63.19, 62.70, 91.87, 72.57),\n",
    "    (\"2\",  \"Base_graph_v3\",                 \"SSL\", \"CD\", 64.50, 63.68, 91.81, 72.09),\n",
    "    (\"3\",  \"Base_graph_v4\",                 \"SSL\", \"CD\", 63.39, 62.58, 91.77, 72.44),\n",
    "    (\"4\",  \"Base_cross_mpt (dp=20)\",        \"SSL\", \"CD\", 63.86, 63.55, 91.88, 73.96),\n",
    "    (\"5\",  \"Base_cross_mpt_2 (dp=15)\",      \"SSL\", \"CD\", 63.44, 62.97, 91.73, 73.12),\n",
    "    (\"6\",  \"Base_cross_mpt_3(dp=10)\",       \"SSL\", \"CD\", 63.63, 63.16, 91.93, 73.43),\n",
    "    (\"7\",  \"graph_v1+cross_mpt(dp=20)\",     \"SSL\", \"CD\", 63.83, 63.43, 91.81, 72.55),\n",
    "    (\"8\",  \"graph_v3+cross_mpt(dp=20)\",     \"SSL\", \"CD\", 63.95, 63.73, 91.72, 73.51),\n",
    "    (\"9\",  \"graph_v4+cross_mpt(dp=20)\",     \"SSL\", \"CD\", 62.83, 62.61, 91.88, 73.03),\n",
    "    (\"10\", \"graph_v1+cross_mpt(dp=15)\",     \"SSL\", \"CD\", 63.74, 63.14, 91.78, 71.54),\n",
    "    (\"11\", \"graph_v3+cross_mpt(dp=15)\",     \"SSL\", \"CD\", 64.48, 63.75, 91.60, 73.10),\n",
    "    (\"12\", \"graph_v4+cross_mpt(dp=15)\",     \"SSL\", \"CD\", 63.41, 63.01, 91.75, 72.46),\n",
    "    (\"13\", \"graph_v1+cross_mpt(dp=10)\",     \"SSL\", \"CD\", 63.56, 62.84, 91.98, 73.06),\n",
    "    (\"14\", \"graph_v3+cross_mpt(dp=10)\",     \"SSL\", \"CD\", 64.69, 63.96, 91.61, 72.76),\n",
    "    (\"15\", \"graph_v4+cross_mpt(dp=10)\",     \"SSL\", \"CD\", 63.19, 62.86, 91.87, 72.30),\n",
    "]\n",
    "\n",
    "columns = [\"Exp ID\", \"Model\", \"LT\", \"LD\", \"MOSEI\", \"FIv2\", \"mACC\", \"mCCC\"]\n",
    "df = pd.DataFrame(rows, columns=columns)\n",
    "\n",
    "# ----- РАНГИРОВАНИЕ -----\n",
    "metric_cols = [\"MOSEI\", \"FIv2\", \"mACC\", \"mCCC\"]\n",
    "\n",
    "# Приведение к числам и отбрасывание пустых строк\n",
    "for c in metric_cols:\n",
    "    df[c] = df[c].astype(str).str.replace(\",\", \".\", regex=False).str.strip()\n",
    "    df[c] = pd.to_numeric(df[c], errors=\"coerce\")\n",
    "\n",
    "df = df.dropna(subset=metric_cols).reset_index(drop=True)\n",
    "\n",
    "# Ранги по метрикам (большее значение — лучше)\n",
    "ranks = df[metric_cols].rank(method=\"min\", ascending=False)\n",
    "\n",
    "# Добавляем ранги по каждой метрике\n",
    "for col in ranks.columns:\n",
    "    df[f\"{col}_Rank\"] = ranks[col].astype(int)\n",
    "\n",
    "# Средний ранг по всем метрикам\n",
    "df[\"Avg_Rank\"] = ranks.mean(axis=1).round(3)\n",
    "\n",
    "# Сортировка по среднему рангу (чем меньше — тем лучше)\n",
    "df_sorted = df.sort_values(\"Avg_Rank\", ascending=True).reset_index(drop=True)\n",
    "\n",
    "# ----- НАСТРОЙКИ ВЫВОДА -----\n",
    "pd.set_option(\"display.max_rows\", None)\n",
    "pd.set_option(\"display.max_columns\", None)\n",
    "pd.set_option(\"display.width\", None)\n",
    "pd.set_option(\"display.colheader_justify\", \"center\")\n",
    "\n",
    "print(df_sorted.to_string(index=False))\n"
   ]
  },
  {
   "cell_type": "code",
   "execution_count": null,
   "id": "9c233cb8-8624-45d1-8236-c0e857a75887",
   "metadata": {},
   "outputs": [],
   "source": []
  }
 ],
 "metadata": {
  "kernelspec": {
   "display_name": "Python 3 (ipykernel)",
   "language": "python",
   "name": "python3"
  },
  "language_info": {
   "codemirror_mode": {
    "name": "ipython",
    "version": 3
   },
   "file_extension": ".py",
   "mimetype": "text/x-python",
   "name": "python",
   "nbconvert_exporter": "python",
   "pygments_lexer": "ipython3",
   "version": "3.12.3"
  }
 },
 "nbformat": 4,
 "nbformat_minor": 5
}
